896243744
246854446
338118396
501832777
433693439
725976567
376602697
256386476
585852406
743891302
341320388
600842051
600021826
322441657
313437437
594637173
585804619
325472184
353685786
438284133
794151211
311298083
554178460
382168007
821299733
785196822
439151922
189952699
132396869
588339539
307651511
271491529
308591328
318830317
926415128
751804269
843942916
874667912
337154274
199625203
303697579
390700781
379238980
850718102
459526979
569013786
920134105
245865665
216896867
398084988
635616003
909185688
605281451
535242906
682740530
684945661
692675985
955950388
680533043
648496615
386824644
286649997
223989606
997512866
536239790
169828859
392250722
381191509
396026528
561633166
750694255
711136706
988317908
254060582
234586554
503450430
932059101
703460356
922641027
352285947
865062716
293286257
973055831
734311880
952723535
398465822
666210076
773348420
636089785
341469466
159128284
887992527
294134868
688657657
812800557
117047581
266711174
381726113
414478311
389698119
276763064
638942595
849839135
655263699
647390731
924479295
920867778
451220868
400656352
279290100
752886559
989215627
133309361
428247096
783433897
193538386
313594165
489677725
144789330
237773968
503618781
618902300
745101722
154557062
502504882
862701727
517001837
399660250
441260024
217538972
336739255
650332988
388982044
632942907
175522882
326120120
443447120
417792132
186921148
128244239
477598042
314989208
472692068
456799685
588582906
169912655
854683165
865887770
905223759
719262170
803453415
777033448
336936782
276704343
886079336
657860762
893840872
795282073
252758817
784689003
507477457
621207528
109960844
283117379
942550843
202553570
700233583
500366452
352724213
557313776
750091265
895802032
402756576
116545091
760175925
288629573
246210231
388302036
565974154
432592226
108018561
651114065
494436490
721997852
414085556
559705806
413396205
212277701
746863569
517662118
432279247
648165045
265033314
402232144
620766780
856390513
305028364
289574689
514248841
486029335
469679071
454316713
613163557
447909982
969170904
907651381
474276871
320391691
516528416
697449763
511650531
605538835
329307918
820166590
776670441
856363390
226771037
387962990
869031821
482845036
789157364
587955882
753502882
835062093
225034529
201926219
730768717
100524431
495778309
903785411
983601208
956635541
874053194
179944819
962913153
653701847
137950508
146526508
752826947
506434174
185428935
193004514
695749284
149413806
106011587
826740411
418857127
444866723
625561702
764403388
729619475
917065372
420542866
131403804
696871970
881723188
700813829
778101462
322875453
867244684
276882664
473752439
824613381
612743003
713848554
555014988
731485639
249363099
857253435
222968594
818412882
180244529
635136042
462597647
397416101
696152850
892206596
704089076
829050505
398294117
783069091
385901993
474962728
731374919
274165936
166535835
636092674
842649389
483072848
181189965
952888016
359849045
823651054
885582261
329551509
711676494
368391131
183006280
435565250
550996597
195254771
269494027
587613287
502593107
945990505
649374946
381929330
957945218
733987702
100719119
989516590
996724752
949050955
924581334
184175593
890980669
998789710
193238461
438577067
647312718
918922312
888836248
766290249
776063470
270080576
558563837
356593474
749553780
233046137
685739605
427761718
809200316
368523825
378053908
303039345
613575063
798288705
972369619
785384412
624790988
784606504
678147455
208661687
482353728
191673373
956163262
410798088
899069718
801406667
438570839
712886783
275152670
744429211
788252531
632074284
306418521
503203777
811549815
332512531
487426668
392781472
632375548
824899080
148248097
672957400
280316273
728200927
670997047
721541989
570600529
192691963
126420090
407854048
813786077
862706212
340774856
780174561
383936520
684390096
313917312
247765748
457523754
948147111
794475297
972852820
252609048
164771104
580271293
745979622
996620823
210371286
986738888
739857088
397957744
332009516
252230956
853248374
160413589
809396326
911357098
327962335
739801040
277527728
330806138
345878875
686466693
867298620
930643132
925546317
391299427
526243959
219267256
227159719
118595218
339660919
935257716
684228435
130423783
175395275
520348352
215545169
247929634
925017423
724921165
460229243
205953074
386563000
109896303
581776561
710475256
487526481
719760971
574540192
773032996
985954976
507964707
279996026
717340973
548596421
386386127
385310426
234127970
654724975
454680195
570376863
991104028
859579169
721261870
158296824
396751799
568002519
822824590
985018312
389047974
795811929
180032701
814783615
552606562
870576894
239925801
399903692
857402316
448866571
315071060
903772944
806482986
644727062
454126721
132640240
831696211
755261690
966887461
581827360
789009147
235037926
981417197
593204657
570337228
254544301
469125213
346373904
665301129
951599478
285024762
242472737
664701889
734742658
285492218
977221066
905922275
693181091
727389462
846764078
408670620
986482433
527908108
785261398
439653915
550907249
763893876
446376966
505452447
688621629
326600611
641490108
601115057
340997230
296009164
254010048
814394731
586828042
344446387
398062261
501451680
893551896
734602562
905802837
263841808
172598322
339071055
171740327
459234843
476905653
226717964
238515120
127872227
220123382
273156740
802526713
707129816
296155798
253550742
119429978
490650423
122748247
840921455
976679498
724998866
643534653
641357679
423704659
538733493
131482170
262826335
419094232
448734703
429327201
445312397
515118723
351879871
622105270
621419589
367055592
311836194
692153549
987142121
128546794
561903665
188085491
613617880
480991674
167840489
493482450
546880230
618238932
433277299
325016409
907411836
478703433
152630441
757923062
280803970
620307154
531240642
915366394
633006833
427752673
314079318
807623730
789780415
698545024
774810984
758038016
550646842
185024546
674736207
886495149
807593782
798496873
135606124
812374661
514775833
636913375
129916772
260366005
355864170
145251043
584601939
644587401
985816932
223718294
521915364
966608962
462488282
593956807
441301299
101112435
835814949
396469798
159146715
659389448
814467474
754279933
398305075
915072855
706180689
409802471
942835606
461855683
943502723
546782149
517422625
208914963
443097308
340255779
343147228
643890594
590390381
370874637
659502224
587755790
843150732
669491915
821806797
666062120
276629660
808202020
395549734
956690033
743723245
673623772
150680199
511123983
739350157
476216675
997907185
760495899
338608300
214843916
554185314
946061697
202415435
222746255
701084677
539034782
706295668
413000400
623511653
222232503
350809578
797410704
510722052
564940312
736967573
571390924
816238714
244975559
932473134
732242953
738443194
897978667
114252737
986145571
718132436
369878951
496101949
106298641
469564804
966880632
342348592
582651328
405282294
475546465
816689321
713440526
485340354
720404477
968407237
382772015
959766451
863629258
284690366
273317231
705880455
946312540
262901720
585739886
774156409
267959233
659977960
852931626
828022763
606365345
476400721
656206646
931808959
216269862
504613818
431205726
142932833
699997026
943435595
656631020
879883909
768158249
492128410
135175587
748250990
123527047
186050570
195834237
276568321
649701119
772476501
874813934
713288300
840935504
380265116
771819895
206977230
910362062
332142230
301605571
406902671
489416965
754628563
798916947
999145743
260482674
781631565
369070491
315790658
637201511
339839182
359769424
920193662
628059345
393433321
937722204
554184130
227726133
837488894
750629362
181908663
564143723
676363304
278321644
833888843
601586785
942918344
190873455
836004745
732793922
324228495
232570769
467854795
741830024
349728348
490466943
113529685
693211461
136029842
587768315
341895480
816980077
880043577
639366808
409861937
512707076
954620271
185228955
547502183
442542910
317635764
979251096
172873167
581512867
219696908
842758947
813053659
576306918
965028103
497558957
317564329
690758110
533065745
582996735
412973015
207268412
891914627
278363637
378330997
902966376
924192519
860972667
191696290
349720579
508733881
364928584
684100144
136996495
868459706
421181767
646966513
857689389
643371270
493461834
515158157
344977397
159697602
886341927
622133116
506969399
677413282
537222766
728183357
638470884
370203986
651137369
383914331
397046842
326393793
302593524
620792447
776256633
806897957
644535806
518350390
456663096
887554806
823152587
172778985
854768322
258658802
776057163
707847211
643846336
850592443
459874939
147386839
139603911
167838577
167995618
147570810
105572699
656230520
871361596
325553093
486969752
232789309
553225404
979516591
857596510
981014252
387053302
810602701
665866181
800389318
870709879
150791431
998835463
975111442
158495060
457422589
336545013
813562942
767364792
348310596
901356118
829375553
184337021
787878440
910329046
603750529
344310420
329208264
258398174
255022714
615219747
220026112
935536360
418982712
131380637
323873786
434329401
843635994
315182473
873754068
871605499
965454460
141981029
843457016
979882563
409083507
148551375
164492467
109343517
710573028
811025795
292009756
888865727
623050999
424196974
657594198
148452288
765346963
169187545
353845980
736703832
157845038
652204527
510843467
285169570
750683766
215255070
679852750
943730805
834621273
123093187
492909018
598380468
893610722
476705096
935901656
787394523
340880003
807995876
601245538
555199154
279817953
319864747
547825145
443996917
423209991
331160384
412485360
994785737
473786438
275421498
668982437
774448448
961336491
237050236
813760460
413249933
631137561
658287446
329198796
293828436
468698624
220761660
274722242
687479840
418116777
693629287
995255003
246345902
488295317
870199673
807572283
957351085
567942006
798646825
556885879
837980290
204379382
166846549
861959578
519523382
802769709
685067012
569944366
659199774
454110748
718460568
637043975
756560486
662944634
622651723
256256962
682592556
578797079
407417102
186500529
159056292
145142504
860345303
125880140
729580702
335905380
